<?xml version="1.0"?>
<opencv_storage>
<facedb type_id="opencv-pvl-face-recognition-data">
  <faces>
    <_>
      <faceid_high>0</faceid_high>
      <faceid_low>2</faceid_low>
      <personid>1</personid>
      <data>
        64 3 216 3 122 2 39 253 55 2 159 0 28 1 184 248 187 1 96 6 230 2
        6 3 30 3 10 254 38 251 201 252 110 246 229 4 139 251 251 255 103
        4 53 1 206 0 58 253 126 254 107 7 223 248 175 1 245 253 194 2
        136 253 90 249 76 1 42 5 28 8 152 3 46 254 128 9 53 254 53 2 217
        9 141 253 238 247 223 250 21 4 107 0 133 251 178 249 30 253 14 1
        213 254 14 0 240 0 5 5 57 254 82 252 177 250 77 5 55 253 55 8
        164 247 70 2 56 0 165 2 107 0 96 255 81 254 142 252 16 252 130
        250 139 254 64 0 31 6 49 6 231 253 128 5 197 0 208 0 158 0 247 1
        218 1 152 1 131 0 31 4 215 9 38 254 221 3 140 253 123 2 66 255
        91 2 107 4 169 251 21 1 93 0 219 3 231 0 136 254 194 252 83 0
        224 252 154 3 222 0 61 253 170 249 139 255 74 3 141 1 50 246 59
        1 84 253 205 249 205 2 34 251 42 5 161 0 173 2 248 255 14 1 190
        0 115 250 139 252 1 252 162 3 225 254 53 250 6 254 182 253 150
        255 239 255 26 0 23 3 103 252 77 254 36 255 124 253 243 0 16 2
        103 253 138 1 155 254 178 254 124 5 24 252 227 255 80 251 87 0
        227 254 47 253 239 1 52 4 44 254 152 253 85 0 131 251 146 0 17
        254 49 253 200 0 228 252 23 2 145 255 93 253 124 3 254 3 193 251
        180 0 202 252 198 254 230 255 203 1 231 253 153 6 195 248 158
        252 135 253 237 254 149 255 105 250 4 255 44 251 88 253 149 4
        141 254 235 250 207 250 133 249 170 1 219 255 210 255 108 254 64
        253 85 4 202 1 114 248 197 255 207 255 109 255 123 5 10 1 250
        251 15 255 116 2 223 0 115 2 51 2 93 1 198 255 184 253 183 252
        147 249 79 1 91 253 82 1 250 253 249 253 171 255 88 251 7 254
        148 2 175 253 36 255 172 252 178 254 32 244 15 1 112 2 175 0 11
        0 17 5 103 251 35 2 76 1 231 4 217 254 221 255 180 4 217 2 124 5
        231 255 78 3 163 1 164 249 86 6 168 252 236 255 165 253 115 253
        142 2 19 251 83 2 45 254 130 254 195 252 229 0 46 1 96 252 47 1
        85 4 233 6 80 3 173 253 106 2 144 255 172 253 16 1 233 0 149 251
        93 251 75 252 142 0 247 0 120 252 62 252 245 250 133 253 181 0 6
        0 35 3 175 251 205 1 11 3 136 3 17 2 213 0 128 4 74 6 153 0 2 1
        13 255 112 255 55 5 143 255 193 255 32 2 86 255 135 1 29 1 176
        248 53 2 82 254 199 1 207 250 215 253 13 0 198 1 2 3 210 250 164
        4 175 0 170 254 111 252 148 252 155 253 156 3 153 3 2 255 55 1
        160 2 80 254 30 3 222 254 13 0 199 1 202 4 102 253 182 1 138 255
        23 253 37 253 27 0 182 2 175 251 91 252 98 253 57 2 146 255 206
        2 96 254 46 254 37 254 197 1 160 2 68 255 106 1 148 255 163 251
        206 255 114 252 195 255 188 254 231 3 136 0 78 249 46 0 255 0 39
        0 56 8 87 0 187 255 120 254 13 0 220 0 185 2 95 254 2 254 121
        254 83 251 160 4 85 4 148 255 47 1 2 250 106 255 141 254 63 253
        221 1 201 3 165 255 252 253 25 4 195 253 8 254 31 0 7 255 218
        252 200 254 201 5 152 1 4 1 162 255 247 4 68 0 247 253 60 253
        177 250 79 251 133 254 68 1 91 2 145 1 68 253 109 0 234 250 74 4
        204 1 62 1 52 2 67 2 31 255 235 252 219 255 117 251 175 2 141
        255 151 2 176 255 48 255 105 255 165 254 252 249 253 251 129 1
        142 0 75 253 203 252 49 255 123 254 87 2 159 1 116 255 63 254
        111 5 231 253 186 1 174 2 196 254 105 2 84 253 5 253 73 253 191
        254 189 253 208 0 152 0 9 4 117 254 66 2 21 1 64 254 211 254 105
        255 65 2 247 0 244 254 104 255 105 0 172 0 89 254 117 255 196 1
        182 3 9 252 135 1 230 1 119 1 70 255 121 254 242 0 132 244 152
        254 205 254 210 1 198 255 245 255 231 3 255 255 8 0 167 252 117
        3 234 4 152 248 39 255 163 254 135 3 126 1 170 253 253 254 126
        255 29 255 28 254 138 255 195 251 112 1 78 249 202 0 207 4 121
        254 178 255 134 255 122 255 7 3 229 1 165 0 253 0 196 0 3 0 236
        254 47 4 231 255 237 0 103 254 191 253 52 255 160 255 223 252 52
        254 49 2 148 0 152 2 105 0 192 253 232 0 111 0 188 253 65 251
        201 253 37 6 194 251 201 0 200 2 149 250 56 255 181 0 34 0 168 3
        5 0 5 255 214 255 223 0 210 254 68 253 205 255 249 249 113 1 71
        2 180 0 7 2 25 1 163 254 113 253 159 1 61 0 22 254 180 254 13 4
        61 255 214 254 152 254 39 255 187 1 119 255 100 3 5 255 168 1 83
        1 65 250 222 3 160 2 26 0 218 252 161 3 55 3 63 1 186 254 171
        252 14 1 106 252 103 255 30 255 28 254 191 0 18 8 138 255 115 1
        240 0 231 254 147 254 198 254 229 3 211 1 234 255 229 252 243 1
        128 254 10 2 6 255 164 0 24 3 119 255 234 255 100 251 5 1 132 3
        119 1 180 1 204 253 223 255 139 253 52 251 190 0 158 1 90 254 40
        4 76 255 236 3 24 0 200 253 35 1 184 253 210 255 156 255 224 254
        101 3 153 0 122 1 3 4 74 3 183 254 74 0 234 253 6 0 255 1 21 0
        143 255 96 1 221 0 191 252 154 254 249 252 74 254 142 252 184 0
        192 254 23 0 86 253 169 0 207 2 103 2 119 255 176 254 73 250 52
        0 80 0 53 254 220 2 146 253 2 1 116 0 166 1 195 2 25 3 168 1 216
        255 109 253 69 255 10 0 196 0 255 254 13 0 37 1 232 255 33 252
        22 5 173 253 187 1 141 0 227 0 36 3 65 255 71 0 196 0 169 254
        250 253 5 0 116 255 172 251 200 254 253 0 65 254 100 254 131 254
        236 0 197 2 86 3 69 2 40 3 118 252 135 249 98 255 242 1 38 252
        140 254 16 254 238 253 27 254 7 253 246 2 25 0 148 254 223 254
        70 3 248 252 108 254 158 248 213 255 108 255 98 255 57 253 169
        254 224 6 72 254 94 0 175 254 64 3 159 1 93 0 173 255 249 1 131
        254 157 251 21 1 79 2 5 255 188 253 155 254 212 255 103 254 76
        255 82 1 220 254 255 1 76 2 220 1 48 252 194 253 121 252 231 255
        8 0 130 254 83 253 67 255 3 4 162 0 232 1 123 252 133 254 103 0
        181 252 3 255 195 254 176 255 34 3 40 2 198 0 222 3 126 1 58 253
        72 254 221 2 15 255 19 253 162 253 118 2 127 1 106 255 80 2 86
        255 53 0 233 1 239 0 13 3 128 1 50 253 141 253 153 2 116 1 143 0
        60 3 126 254 212 0 73 254 161 0 157 0 158 0 156 2 3 1 180 3 130
        2 206 0 178 0 85 1 112 252 14 1 42 1 248 0 55 2 7 253 61 0 236
        254 35 0 63 255 181 0 92 253 227 254 26 2 231 255 250 0 73 3 253
        2 115 0 253 0 40 2 66 0 127 255 188 0 47 254 85 253 201 254 193
        1 170 0 48 1 202 255 31 1 145 255 215 0 22 0 127 254 39 255 196
        255 165 255 135 253 169 255 121 255 156 255 147 254 11 254 140
        254 182 254 142 0 114 255 53 255 221 0 188 0 205 1 133 255 242
        254 107 254 141 254 126 255 23 1 210 255 29 3 115 255 16 1 159 0
        66 0 221 0 81 0 224 0 89 255 159 0 159 1 146 0 178 255 208 254
        221 255 238 255 187 0 57 1 239 255 251 2 254 1 62 255 227 255
        147 0 205 254 11 255 231 255 10 1 44 255 158 254 108 1 237 1 160
        254 151 255 236 255 221 0 72 1 192 1 185 253 208 255 22 1 81 0
        171 254 15 1 189 254 214 254 123 1 129 254 252 253 209 0 72 0 24
        0 12 1 153 1 155 254 45 255 254 255 132 0 152 0 166 0 12 0 251
        253 43 0 195 255 93 2 220 0 210 255 244 0 155 0 131 1 235 254
        139 0 154 254 152 254 1 1 13 0 12 255 98 1 146 0 80 254 208 0 2
        0 55 255 96 255 232 255 1 0 161 255 94 0 214 255 230 255 49 1
        243 255 32 0 76 1 136 0 177 255 222 255 184 255 41 255 166 254
        238 0 51 255 246 255 9 254 98 255 59 0 55 1 158 255 81 1 22 0 99
        0 9 2 84 255 254 255 253 255 149 255 233 254 169 255 243 0 228 0
        7 1 181 255 123 255 243 254 217 254 117 255 178 255 54 255 0 1
        136 0 188 254 118 0 231 255 39 0 116 254 194 0 78 255 122 255
        240 255 46 1 116 255 134 0 53 255 9 0 181 0 234 254 197 0 209 0
        9 0 197 0 8 255 133 255 62 0 8 0 104 255 1 255 174 255 108 255
        211 255 44 0 112 0 66 255 102 0 134 255 235 255 166 255 148 0
        248 255 245 255 164 255 147 255 184 255 98 0 66 0 124 255 65 0
